%YAML:1.0
---
cameraMatrix: !!opencv-matrix
   rows: 3
   cols: 3
   dt: d
   data: [ 1.4109346133867448e+03, 0., 6.5096880975779470e+02, 0.,
       1.4116810098289666e+03, 4.2114432642114474e+02, 0., 0., 1. ]
distortionCoefficient: !!opencv-matrix
   rows: 1
   cols: 5
   dt: d
   data: [ -6.0131189915788641e-02, 1.4835794948554937e-01,
       5.2788220534900866e-04, -2.5876685601892470e-04,
       9.9634059139873510e-01 ]
